1
3
9
36
38
52
64
76
77
79
82
95
100
105
111
125
130
132
134
140
144
153
163
164
195
219
224
227
231
233
250
251
255
267
273
288
290
310
314
315
317
326
356
367
391
392
408
429
436
445
465
467
468
475
482
483
484
485
487
495
496
502
509
510
518
524
528
531
536
548
552
553
564
568
576
585
589
603
606
609
610
633
666
667
677
684
694
715
747
750
752
770
787
793
813
825
841
863
867
889
894
919
946
1008
1022
1041
1070
1072
1077
1111
1113
1119
1121
1122
1153
1160
1167
1226
1265
1279
1281
1285
1305
1317
1321
1322
1326
1349
1355
1364
1381
1393
1394
1399
1429
1431
1438
1454
1473
1489
1493
1494
1505
1530
1535
1544
1558
1559
1570
1580
1602
1617
1620
1642
1645
1666
1673
1674
1694
1714
1726
1751
1755
1761
1776
1780
1794
1802
1827
1844
1850
1907
1944
1960
2000
2023
2029
2030
2047
2051
2076
2085
2091
2099
2127
2152
2155
2170
2196
2203
2204
2210
2258
2284
2426
2435
2465
2497
2522
2531
2554
2606
2719
2747
2749
2769
2774
2842
2865
2917
2926
2936
2940
2956
2973
2977
3001
3050
3084
3087
3100
3104
3117
3124
3128
3156
3164
3169
3188
3202
3226
3251
3300
3333
3341
3378
3380
3384
3414
3472
3485
3491
3492
3521
3523
3540
3570
3573
3587
3596
3603
3610
3626
3627
3628
3636
3637
3653
3660
3670
3693
3710
3712
3718
3724
3734
3756
3781
3787
3794
3798
3808
3814
3829
3833
3886
3916
3970
3984
4043
4102
4104
4120
4133
4137
4141
4155
4159
4166
4169
4174
4213
4228
4237
4242
4245
4246
4266
4273
4277
4287
4303
4305
4312
4328
4336
4350
4382
4386
4411
4422
4444
4447
4450
4457
4473
4554
4577
4578
4594
4606
4620
4652
4665
4727
4779
4793
4810
4812
4824
4831
4867
4889
4931
4940
4943
4944
4948
4983
4994
5027
5034
5049
5052
5077
5144
5150
5164
5206
5240
5251
5305
5337
5367
5382
5384
5398
5400
5401
5458
5473
5475
5530
5550
5610
5648
5735
5775
5805
5806
5811
5894
5927
5932
5983
5993
6000
6001
6037
6039
6075
6083
6105
6106
6122
6129
6130
6137
6203
6220
6245
6255
6260
6269
6289
6300
6328
6336
6347
6379
6399
6400
6404
6408
6413
6416
6421
6428
6482
6488
6507
6596
6616
6641
6644
6734
6743
6755
6791
6818
6819
6829
6832
6841
6978
7005
7010
7014
7051
7062
7134
7154
7253
7270
7303
7373
7418
7442
7443
7446
7518
7528
7570
7642
7714
7720
7743
7769
7783
7804
7839
7851
7873
7874
7921
7930
7961
7962
8038
8095
8274
8312
8337
8351
8353
8412
8429
8438
8496
8528
8542
8598
8625
8864
8998
9088
9128
9135
9257
9273
9458
9485
9532
9564
9626
9661